0.000150 0.106260
0.000300 0.211893
0.000450 0.316348
0.000600 0.419178
0.000750 0.520091
0.000900 0.618979
0.001050 0.715932
0.001200 0.811226
0.001350 0.905307
0.001500 0.998745
0.001650 1.092183
0.001800 1.186278
0.001950 1.281638
0.002100 1.378760
0.002250 1.477985
0.002400 1.579454
0.002550 1.683094
0.002700 1.788613
0.002850 1.895525
0.003000 2.003183
0.003150 2.110842
0.003300 2.217718
0.003450 2.323069
0.003600 2.426262
0.003750 2.526846
0.003900 2.624602
0.004050 2.719580
0.004200 2.812110
0.004350 2.902797
0.004500 2.992475
0.004650 3.082153
0.004800 3.172932
0.004950 3.265903
0.005100 3.362054
0.005250 3.462153
0.005400 3.566657
0.005550 3.675629
0.005700 3.788674
0.005850 3.904913
0.006000 4.022976
0.006150 4.141039
0.006300 4.256887
0.006450 4.368007
0.006600 4.471712
0.006750 4.565264
0.006900 4.646031
0.007050 4.711623
0.007200 4.760022
0.007350 4.789696
0.007500 4.799697
0.007650 4.789697
0.007800 4.760021
0.007950 4.711624
0.008100 4.646033
0.008250 4.565265
0.008400 4.471713
0.008550 4.368009
0.008700 4.256888
0.008850 4.141039
0.009000 4.022976
0.009150 3.904912
0.009300 3.788674
0.009450 3.675627
0.009600 3.566656
0.009750 3.462152
0.009900 3.362053
0.010050 3.265903
0.010200 3.172932
0.010350 3.082154
0.010500 2.992476
0.010650 2.902798
0.010800 2.812112
0.010950 2.719581
0.011100 2.624603
0.011250 2.526847
0.011400 2.426263
0.011550 2.323070
0.011700 2.217719
0.011850 2.110842
0.012000 2.003183
0.012150 1.895523
0.012300 1.788612
0.012450 1.683092
0.012600 1.579453
0.012750 1.477984
0.012900 1.378760
0.013050 1.281638
0.013200 1.186279
0.013350 1.092184
0.013500 0.998747
0.013650 0.905309
0.013800 0.811229
0.013950 0.715933
0.014100 0.618981
0.014250 0.520091
0.014400 0.419177
0.014550 0.316345
0.014700 0.211888
0.014850 0.106254
0.015000 0.000000
0.015150 -0.106253
0.015300 -0.211888
0.015450 -0.316344
0.015600 -0.419176
0.015750 -0.520090
0.015900 -0.618980
0.016050 -0.715933
0.016200 -0.811227
0.016350 -0.905309
0.016500 -0.998747
0.016650 -1.092184
0.016800 -1.186279
0.016950 -1.281638
0.017100 -1.378760
0.017250 -1.477984
0.017400 -1.579452
0.017550 -1.683092
0.017700 -1.788612
0.017850 -1.895523
0.018000 -2.003182
0.018150 -2.110842
0.018300 -2.217717
0.018450 -2.323069
0.018600 -2.426262
0.018750 -2.526847
0.018900 -2.624603
0.019050 -2.719580
0.019200 -2.812111
0.019350 -2.902798
0.019500 -2.992475
0.019650 -3.082154
0.019800 -3.172931
0.019950 -3.265903
0.020100 -3.362053
0.020250 -3.462151
0.020400 -3.566656
0.020550 -3.675627
0.020700 -3.788672
0.020850 -3.904912
0.021000 -4.022976
0.021150 -4.141038
0.021300 -4.256887
0.021450 -4.368008
0.021600 -4.471712
0.021750 -4.565265
0.021900 -4.646032
0.022050 -4.711624
0.022200 -4.760020
0.022350 -4.789697
0.022500 -4.799697
0.022650 -4.789696
0.022800 -4.760021
0.022950 -4.711623
0.023100 -4.646032
0.023250 -4.565264
0.023400 -4.471711
0.023550 -4.368008
0.023700 -4.256887
0.023850 -4.141039
0.024000 -4.022977
0.024150 -3.904913
0.024300 -3.788674
0.024450 -3.675629
0.024600 -3.566658
0.024750 -3.462154
0.024900 -3.362055
0.025050 -3.265903
0.025200 -3.172933
0.025350 -3.082154
0.025500 -2.992475
0.025650 -2.902798
0.025800 -2.812111
0.025950 -2.719581
0.026100 -2.624603
0.026250 -2.526847
0.026400 -2.426263
0.026550 -2.323070
0.026700 -2.217718
0.026850 -2.110842
0.027000 -2.003184
0.027150 -1.895525
0.027300 -1.788614
0.027450 -1.683094
0.027600 -1.579455
0.027750 -1.477985
0.027900 -1.378760
0.028050 -1.281638
0.028200 -1.186278
0.028350 -1.092183
0.028500 -0.998746
0.028650 -0.905307
0.028800 -0.811226
0.028950 -0.715932
0.029100 -0.618979
0.029250 -0.520092
0.029400 -0.419179
0.029550 -0.316348
0.029700 -0.211894
0.029850 -0.106261
