0.000000 0.000000
0.000150 0.100000
0.000300 0.200000
0.000450 0.300000
0.000600 0.400000
0.000750 0.500000
0.000900 0.600000
0.001050 0.700000
0.001200 0.800000
0.001350 0.900000
0.001500 1.000000
0.001650 1.100000
0.001800 1.200000
0.001950 1.300000
0.002100 1.400000
0.002250 1.500000
0.002400 1.600000
0.002550 1.700000
0.002700 1.800000
0.002850 1.900000
0.003000 2.000000
0.003150 2.100000
0.003300 2.200000
0.003450 2.300000
0.003600 2.400000
0.003750 2.500000
0.003900 2.600000
0.004050 2.700000
0.004200 2.800000
0.004350 2.900000
0.004500 3.000000
0.004650 3.100000
0.004800 3.200000
0.004950 3.300000
0.005100 3.400000
0.005250 3.500000
0.005400 3.600000
0.005550 3.700000
0.005700 3.800000
0.005850 3.900000
0.006000 4.000000
0.006150 4.100000
0.006300 4.200000
0.006450 4.300000
0.006600 4.400000
0.006750 4.500000
0.006900 4.600000
0.007050 4.700000
0.007200 4.800000
0.007350 4.900000
0.007500 5.000000
0.007650 4.900000
0.007800 4.800000
0.007950 4.700000
0.008100 4.600000
0.008250 4.500000
0.008400 4.400000
0.008550 4.300000
0.008700 4.200000
0.008850 4.100000
0.009000 4.000000
0.009150 3.900000
0.009300 3.800000
0.009450 3.700000
0.009600 3.600000
0.009750 3.500000
0.009900 3.400000
0.010050 3.300000
0.010200 3.200000
0.010350 3.100000
0.010500 3.000000
0.010650 2.900000
0.010800 2.800000
0.010950 2.700001
0.011100 2.600000
0.011250 2.500000
0.011400 2.400000
0.011550 2.300000
0.011700 2.200000
0.011850 2.100000
0.012000 2.000000
0.012150 1.900000
0.012300 1.800000
0.012450 1.700000
0.012600 1.600000
0.012750 1.500000
0.012900 1.400000
0.013050 1.300000
0.013200 1.200001
0.013350 1.100000
0.013500 1.000000
0.013650 0.900000
0.013800 0.800001
0.013950 0.700000
0.014100 0.600000
0.014250 0.500000
0.014400 0.400000
0.014550 0.300000
0.014700 0.200000
0.014850 0.100000
0.015000 0.000000
0.015150 -0.100000
0.015300 -0.200000
0.015450 -0.300000
0.015600 -0.400000
0.015750 -0.499999
0.015900 -0.600000
0.016050 -0.700000
0.016200 -0.799999
0.016350 -0.900000
0.016500 -1.000000
0.016650 -1.099999
0.016800 -1.200000
0.016950 -1.300000
0.017100 -1.399999
0.017250 -1.500000
0.017400 -1.599999
0.017550 -1.700000
0.017700 -1.800000
0.017850 -1.899999
0.018000 -2.000000
0.018150 -2.100000
0.018300 -2.199999
0.018450 -2.300000
0.018600 -2.399999
0.018750 -2.500000
0.018900 -2.600000
0.019050 -2.699999
0.019200 -2.800000
0.019350 -2.900000
0.019500 -2.999999
0.019650 -3.100000
0.019800 -3.200000
0.019950 -3.299999
0.020100 -3.400000
0.020250 -3.499999
0.020400 -3.600000
0.020550 -3.700000
0.020700 -3.799999
0.020850 -3.900000
0.021000 -4.000000
0.021150 -4.099999
0.021300 -4.200000
0.021450 -4.299999
0.021600 -4.400000
0.021750 -4.500000
0.021900 -4.599999
0.022050 -4.700000
0.022200 -4.800000
0.022350 -4.899999
0.022500 -5.000000
0.022650 -4.900000
0.022800 -4.800001
0.022950 -4.700000
0.023100 -4.600001
0.023250 -4.500000
0.023400 -4.400000
0.023550 -4.300001
0.023700 -4.200000
0.023850 -4.100000
0.024000 -4.000001
0.024150 -3.900000
0.024300 -3.800000
0.024450 -3.700001
0.024600 -3.600000
0.024750 -3.500001
0.024900 -3.400001
0.025050 -3.300000
0.025200 -3.200001
0.025350 -3.100000
0.025500 -3.000000
0.025650 -2.900001
0.025800 -2.800000
0.025950 -2.700001
0.026100 -2.600001
0.026250 -2.500000
0.026400 -2.400001
0.026550 -2.300000
0.026700 -2.200000
0.026850 -2.100001
0.027000 -2.000000
0.027150 -1.900000
0.027300 -1.800001
0.027450 -1.700000
0.027600 -1.600001
0.027750 -1.500001
0.027900 -1.400000
0.028050 -1.300001
0.028200 -1.200001
0.028350 -1.100000
0.028500 -1.000001
0.028650 -0.900000
0.028800 -0.800000
0.028950 -0.700001
0.029100 -0.600000
0.029250 -0.500001
0.029400 -0.400001
0.029550 -0.300000
0.029700 -0.200001
0.029850 -0.100000
