0.000000
0.000000
0.000000
0.000000
0.000000
0.000000
0.000000
0.000000
0.000000
0.000000
0.000000
0.000000
0.000001
0.000001
0.000001
0.000001
0.000001
0.000001
0.000002
0.000002
0.000002
0.000003
0.000003
0.000003
0.000004
0.000004
0.000005
0.000006
0.000006
0.000007
0.000008
0.000008
0.000009
0.000010
0.000011
0.000012
0.000013
0.000014
0.000015
0.000016
0.000018
0.000019
0.000020
0.000022
0.000023
0.000025
0.000027
0.000029
0.000030
0.000032
0.000034
0.000036
0.000039
0.000041
0.000043
0.000046
0.000048
0.000051
0.000053
0.000056
0.000059
0.000062
0.000065
0.000068
0.000072
0.000075
0.000078
0.000082
0.000086
0.000090
0.000093
0.000097
0.000102
0.000106
0.000110
0.000115
0.000119
0.000124
0.000129
0.000134
0.000139
0.000144
0.000150
0.000155
0.000161
0.000167
0.000173
0.000179
0.000185
0.000191
0.000198
0.000204
0.000211
0.000218
0.000225
0.000232
0.000240
0.000247
0.000255
0.000263
