-0.000131
-0.000131
-0.000131
-0.000131
-0.000130
-0.000129
-0.000128
-0.000127
-0.000126
-0.000125
-0.000123
-0.000122
-0.000120
-0.000118
-0.000116
-0.000113
-0.000111
-0.000108
-0.000105
-0.000102
-0.000099
-0.000096
-0.000093
-0.000089
-0.000085
-0.000081
-0.000077
-0.000073
-0.000069
-0.000064
-0.000059
-0.000054
-0.000049
-0.000044
-0.000039
-0.000033
-0.000028
-0.000022
-0.000016
-0.000010
-0.000003
0.000003
0.000010
0.000017
0.000024
0.000031
0.000038
0.000045
0.000053
0.000061
0.000069
0.000077
0.000085
0.000093
0.000102
0.000111
0.000120
0.000129
0.000138
0.000147
0.000157
0.000166
0.000176
0.000186
0.000196
0.000207
0.000217
0.000228
0.000239
0.000250
0.000261
0.000272
0.000283
0.000295
0.000307
0.000319
0.000331
0.000343
0.000355
0.000368
0.000381
0.000394
0.000407
0.000420
0.000433
0.000447
0.000460
0.000474
0.000488
0.000502
0.000517
0.000531
0.000546
0.000561
0.000575
0.000591
0.000606
0.000621
0.000637
0.000653
