0.000000
0.000000
0.000000
0.000000
0.000001
0.000001
0.000001
0.000002
0.000003
0.000003
0.000004
0.000005
0.000006
0.000007
0.000008
0.000009
0.000010
0.000012
0.000013
0.000014
0.000016
0.000018
0.000019
0.000021
0.000023
0.000025
0.000027
0.000029
0.000031
0.000034
0.000036
0.000038
0.000041
0.000044
0.000046
0.000049
0.000052
0.000055
0.000058
0.000061
0.000064
0.000067
0.000071
0.000074
0.000077
0.000081
0.000085
0.000088
0.000092
0.000096
0.000100
0.000104
0.000108
0.000112
0.000117
0.000121
0.000125
0.000130
0.000135
0.000139
0.000144
0.000149
0.000154
0.000159
0.000164
0.000169
0.000174
0.000180
0.000185
0.000190
0.000196
0.000202
0.000207
0.000213
0.000219
0.000225
0.000231
0.000237
0.000243
0.000250
0.000256
0.000262
0.000269
0.000276
0.000282
0.000289
0.000296
0.000303
0.000310
0.000317
0.000324
0.000331
0.000339
0.000346
0.000353
0.000361
0.000369
0.000376
0.000384
0.000392
