0.000000 -0.000131
0.000200 -0.000131
0.000400 -0.000131
0.000600 -0.000131
0.000800 -0.000130
0.001000 -0.000129
0.001200 -0.000128
0.001400 -0.000127
0.001600 -0.000126
0.001800 -0.000125
0.002000 -0.000123
0.002200 -0.000122
0.002400 -0.000120
0.002600 -0.000118
0.002800 -0.000116
0.003000 -0.000113
0.003200 -0.000111
0.003400 -0.000108
0.003600 -0.000105
0.003800 -0.000102
0.004000 -0.000099
0.004200 -0.000096
0.004400 -0.000093
0.004600 -0.000089
0.004800 -0.000085
0.005000 -0.000081
0.005200 -0.000077
0.005400 -0.000073
0.005600 -0.000069
0.005800 -0.000064
0.006000 -0.000059
0.006200 -0.000054
0.006400 -0.000049
0.006600 -0.000044
0.006800 -0.000039
0.007000 -0.000033
0.007200 -0.000028
0.007400 -0.000022
0.007600 -0.000016
0.007800 -0.000010
0.008000 -0.000003
0.008200 0.000003
0.008400 0.000010
0.008600 0.000017
0.008800 0.000024
0.009000 0.000031
0.009200 0.000038
0.009400 0.000045
0.009600 0.000053
0.009800 0.000061
0.010000 0.000069
0.010200 0.000077
0.010400 0.000085
0.010600 0.000093
0.010800 0.000102
0.011000 0.000111
0.011200 0.000120
0.011400 0.000129
0.011600 0.000138
0.011800 0.000147
0.012000 0.000157
0.012200 0.000166
0.012400 0.000176
0.012600 0.000186
0.012800 0.000196
0.013000 0.000207
0.013200 0.000217
0.013400 0.000228
0.013600 0.000239
0.013800 0.000250
0.014000 0.000261
0.014200 0.000272
0.014400 0.000283
0.014600 0.000295
0.014800 0.000307
0.015000 0.000319
0.015200 0.000331
0.015400 0.000343
0.015600 0.000355
0.015800 0.000368
0.016000 0.000381
0.016200 0.000394
0.016400 0.000407
0.016600 0.000420
0.016800 0.000433
0.017000 0.000447
0.017200 0.000460
0.017400 0.000474
0.017600 0.000488
0.017800 0.000502
0.018000 0.000517
0.018200 0.000531
0.018400 0.000546
0.018600 0.000561
0.018800 0.000575
0.019000 0.000591
0.019200 0.000606
0.019400 0.000621
0.019600 0.000637
0.019800 0.000653
